01486000
01638480
01644000
01658500
02038850
02046000
02051500
02053200
02056900
02059500
02064000
02065500
02069700
02070000
02074500
02077200
02081500
02082950
02112120
02112360
02118500
02128000
02143000
02143040
02152100
02212600
02221525
02342933
02349900
02361000
02369800
02371500
02372250
02374500
02381600
02408540
02422500
02430085
02430615
02464000
02465493
02469800
02472000
02472500
02479155
02479300
02479560
02481000
02481510
03170000
03592718
04015330
04024430
04161580
07056000
07196900
07261000
07291000
07292500
07346045
07362100
07375000
08013000
08014500
08023080
08029500
08066200
08066300
08070000
11468500
11481200