01580000
01583500
01591400
01632900
01639500
02055100
02125000
03237500
03238500
03241500
03285000
03291780
03340800
03346000
03357350
03364500
03366500
03368000
04185000
04196800
04197100
05056000
05057000
05057200
05120500
05123400
05131500
05291000
05399500
05408000
05412500
05413500
05414000
05444000
05454000
05458000
05466500
05487980
05489000
05495000
05495500
05501000
05503800
05507600
05508805
05514500
05525500
05556500
05584500
05585000
05591550
05592050
05593575
05593900
05595730
06409000
06431500
06453600
06468170
06470800
06477500
06479438
06601000
06784000
06803510
06803530
06814000
06847900
06853800
06876700
06878000
06879650
06885500
06888500
06889200
06889500
06892000
06903400
06910800
06911900
06917000
06918460
06919500
06921070
06921200
07014500
07057500
07066000
07067000
07068000
07071500
07145700
07151500
07167500
07180500
07184000
07195800
07197000
07315700