06332515
06339100
06339500
06344600
06350000
06352000
06353000
06354000
06360500
06404000
06406000
06447000
06447500
06450500
06452000
07148400
07149000
07226500
07299670
07301410
07301500
07315200
08079600
08082700
08086212
08086290
08101000
08103900
08104900
08109700
08150800
08158700
08158810
08164000
08164300
08165300
08171300
08175000
08176900
08189500
08190000
08190500
08194200
08195000
08196000
08198500
08200000
08202700
08380500
09306242
09386900
09404450
09430500
09430600
09480000
09494000
09497980
09505350
09505800
09508300
09510200
09512280
09513780
10172700
10242000
10244950
10249300
10258500
10259000
10259200
10263500
10329500
10396000
11098000
11124500
11141280
11143000
11148900
11151300
11162500
11176400
11180500
11180960
11224500
11253310
11274500
11274630
11284400
11381500
11383500
11451100
11473900
13161500