01333000
01350000
01350140
01365000
01413500
01414500
01415000
01423000
01435000
01451800
01510000
01547700
01557500
01596500
01605500
01606500
01620500
01632000
01634500
02011400
02011460
02013000
02014000
02015700
02016000
02017500
02018000
02027000
02027500
02111180
02137727
02177000
02381600
02450250
03049000
03049800
03069500
03070500
03076600
03078000
03173000
03180500
03182500
03186500
03213700
03237280
03280700
03281500
03471500
03473000
03488000
03498500
03500000
03500240
03574500
04216418
04224775
04233000
07261000
07335700
07340300