01013500
01030500
01031500
01047000
01052500
01054200
01055000
01121000
01123000
01134500
01137500
01139000
01139800
01142500
01144000
01169000
01170100
01181000
01187300
01333000
01350000
01350140
01365000
01413500
01414500
01415000
01423000
01435000
01439500
01440000
01440400
01451800
01510000
01516500
01532000
01539000
01542810
01543000
01543500
01544500
01545600
01547700
01548500
01549500
01550000
01552000
01552500
01557500
01567500
01568000
01596500
01605500
01606500
01620500
01632000
01634500
01644000
01664000
01666500
01667500
02011400
02011460
02013000
02014000
02015700
02016000
02017500
02018000
02027000
02027500
02028500
02038850
02053800
02069700
02111180
02111500
02112120
02112360
02128000
02137727
02149000
02177000
02178400
02381600
02450250
02464000
03010655
03011800
03015500
03021350
03026500
03028000
03049000
03049800
03069500
03070500
03076600
03078000
03144000
03164000
03165000
03170000
03173000
03180500
03182500
03186500
03213700
03237280
03280700
03281500
03384450
03439000
03455500
03456500
03460000
03463300
03471500
03473000
03479000
03488000
03498500
03500000
03500240
03504000
03574500
04027000
04040500
04057800
04213000
04216418
04221000
04224775
04233000
04256000
04296000
05129115
05362000
07056000
07261000
07335700
07340300