01567500
01583500
01638480
01644000
01658500
01664000
01666500
01667500
02028500
02038850
02046000
02051500
02053800
02056900
02059500
02064000
02065500
02069700
02070000
02074500
02077200
02081500
02082950
02111500
02112120
02112360
02118500
02125000
02128000
02143000
02143040
02149000
02152100
02212600
02221525
02381600
02395120
02408540
02430085
02430615
02464000
03164000
03165000
03170000
03384450
03574500
03604000
04015330
05131500
07056000
07196900
07261000
07335700
07340300
07362100
08023080