01013500
01022500
01030500
01031500
01047000
01052500
01054200
01055000
01057000
01073000
01078000
01118300
01121000
01123000
01134500
01137500
01139000
01139800
01142500
01144000
01162500
01169000
01170100
01181000
01187300
01439500
01440000
01440400
01516500
01532000
01539000
01542810
01543000
01543500
01544500
01545600
01548500
01549500
01550000
01552000
01552500
01568000
02178400
03010655
03011800
03015500
03021350
03026500
03028000
03164000
03439000
03455500
03456500
03460000
03463300
03479000
03504000
04024430
04027000
04040500
04043050
04057800
04059500
04063700
04074950
04105700
04127918
04127997
04213000
04221000
04256000
04296000
05129115
05131500
05362000
05393500