01411300
01466500
01484100
01485500
01486000
01487000
01491000
01669000
02053200
02092500
02102908
02108000
02202600
02231000
02231342
02245500
02246000
02296500
02297155
02297310
02298123
02298608
02299950
02300700
02312200
02314500
02315500
02324400
02327100
02342933
02349900
02361000
02369800
02371500
02372250
02374500
02472500
02479155
02479300
02479560
02481000
02481510
04043050
04045500
04056500
04057510
04063700
04074950
04105700
04122200
04122500
04124000
04127918
04127997
06464500
07142300
07346045
07375000
08029500
08066200
08066300
08070000
08164600