01022500
01057000
01073000
01078000
01118300
01162500
01411300
01484100
01485500
01486000
01487000
01491000
01638480
01658500
01669000
02046000
02051500
02053200
02056900
02059500
02064000
02065500
02070000
02074500
02077200
02081500
02082950
02092500
02102908
02108000
02118500
02143000
02143040
02152100
02202600
02212600
02221525
02342933
02349900
02361000
02369800
02371500
02372250
02374500
02408540
02422500
02430085
02430615
02465493
02469800
02472000
02472500
02479155
02479300
02479560
02481000
02481510
03592718
04015330
04024430
04043050
04059500
04063700
04074950
04105700
04127918
04127997
04161580
05393500
07196900
07291000
07292500
07346045
07362100
07375000
08013000
08014500
08023080
08029500
08066200
08066300
08070000