01567500
01580000
01583500
01632900
01638480
01644000
01664000
01666500
01667500
02028500
02038850
02046000
02051500
02053800
02055100
02056900
02059500
02064000
02065500
02069700
02070000
02074500
02077200
02081500
02082950
02111500
02112120
02112360
02118500
02125000
02128000
02143000
02143040
02149000
02152100
02221525
02395120
02408540
03144000
03165000
03170000
03237280
03237500
03285000
03384450
03471500
03473000
03574500
03604000
04015330
05131500
05408000
06431500
06919500
07014500
07056000
07060710
07067000
07068000
07071500
07196900