01022500
01118300
01139800
01162500
01181000
01187300
01350000
01415000
01466500
01491000
01516500
01532000
01549500
01550000
01568000
01596500
01667500
01669000
02014000
02018000
02053200
02055100
02065500
02069700
02070000
02081500
02082950
02112360
02118500
02221525
02231342
02245500
02296500
02372250
02381600
02450250
02469800
02481000
03180500
03186500
03237280
03285000
03340800
03456500
03471500
03498500
04045500
04059500
04074950
04197100
05131500
05408000
05454000
05458000
05487980
05514500
05525500
05556500
05584500
06224000
06278300
06311000
06350000
06354000
06360500
06464500
06468170
06918460
06921200
07014500
07060710
07066000
07068000
07196900
07226500
07292500
07299670
07315700
08066200
08103900
08109700
08158700
08164000
08164300
08190000
08267500
08269000
09081600
09378630
09386900
09404450
09505800
10172700
10205030
10316500
10336645
10396000
11180960
11224500
11473900
11532500
12035000
12048000
12073500
12082500
12115000
12175500
12358500
12488500
13083000
13331500
13340000
13340600
14222500
14306500
14309500
