01054200
01055000
01057000
01170100
01181000
01466500
01550000
01568000
01580000
01596500
01620500
01669000
02221525
02231342
02245500
02296500
02381600
02481000
03076600
03186500
03281500
03473000
03498500
04059500
04074950
04196800
04197100
05458000
05507600
05595730
06352000
06406000
06453600
06614800
06623800
06889500
07060710
07068000
07148400
07197000
07292500
08164000
08196000
08380500
09505800
10172800
10259000
10263500
11148900
11264500
11482500
12013500
12025700
12092000
12145500
13011500
13313000
13340000
14138870
